,0,1,2,3,4,5,6
18,0.74,1.82,1.57,1.5,1.22,1.76,Arsenal
12,1.59,0.78,1.44,0.97,1.2,1.43,Aston Villa
0,0.99,1.06,0.88,0.87,0.96,0.76,Brentford
15,1.37,1.29,1.37,1.35,1.26,1.4,Brighton and Hove Albion
6,1.39,0.99,1.13,1.0,1.47,0.59,Burnley
3,1.3,2.03,1.66,1.34,2.21,1.88,Chelsea
11,0.93,1.08,0.62,1.04,1.1,0.79,Crystal Palace
2,1.1,1.68,1.29,1.7,0.95,1.5,Everton
14,1.46,1.15,1.52,1.52,1.72,1.46,Leeds United
4,1.54,1.03,1.2,1.78,1.51,1.25,Leicester City
10,1.51,2.08,2.39,2.08,1.47,2.23,Liverpool
13,2.13,1.98,2.54,1.36,1.55,2.58,Manchester City
1,1.7,2.25,1.74,1.99,1.87,1.65,Manchester United
8,1.53,0.84,1.45,1.32,1.06,1.28,Newcastle
7,1.08,0.74,1.26,0.82,1.03,0.99,Norwich City
16,1.31,1.34,0.63,1.26,0.65,1.42,Southampton
9,2.04,1.74,1.21,1.36,1.82,1.82,Tottenham Hotspur
5,0.81,1.06,1.08,1.32,0.98,0.83,Watford
19,1.89,1.67,1.36,1.58,1.81,1.4,West Ham United
17,0.96,1.28,1.41,1.25,1.53,1.12,Wolverhampton
