,0,1,2,3,4,5,6
18,0.52,0.28,0.12,0.63,0.47,0.4,Arsenal
12,0.43,0.49,0.51,0.13,0.4,0.18,Aston Villa
0,0.22,0.31,0.24,0.3,0.23,0.15,Brentford
15,0.39,0.55,0.42,0.41,0.38,0.43,Brighton and Hove Albion
2,0.34,0.08,0.36,0.22,0.27,0.19,Burnley
3,0.75,0.45,0.32,0.66,0.48,0.36,Chelsea
13,0.08,0.41,0.2,0.24,0.08,0.29,Crystal Palace
5,0.48,0.34,0.3,0.53,0.33,0.58,Everton
11,0.16,0.4,0.39,0.2,0.39,0.38,Leeds United
6,0.53,0.35,0.5,0.2,0.34,0.57,Leicester City
10,0.68,0.76,0.42,0.58,0.76,0.65,Liverpool
14,0.56,0.83,0.69,0.57,0.79,0.37,Manchester City
1,0.63,0.6,0.54,0.69,0.48,0.61,Manchester United
8,0.35,0.27,0.42,0.13,0.36,0.37,Newcastle
7,0.13,0.05,0.24,0.15,0.4,0.18,Norwich City
16,0.26,0.18,0.32,0.32,0.07,0.36,Southampton
9,0.22,0.45,0.66,0.52,0.28,0.34,Tottenham Hotspur
4,0.31,0.2,0.14,0.31,0.31,0.36,Watford
19,0.39,0.4,0.56,0.43,0.28,0.37,West Ham United
17,0.22,0.29,0.21,0.41,0.49,0.36,Wolverhampton
